Node,Distance,Numerical solution of phi ,Analytical solution of phi 
1,0.01,1.3528263849153498e+287,1.0
2,0.03,3.4722543879493975e+288,1.0
3,0.05,-4.3140130274522824e+288,1.0
4,0.07,-3.2162194684339374e+289,1.0
5,0.09,3.2816895848397174e+289,1.0
6,0.11,2.3124590698824843e+290,1.0
7,0.13,-2.3175511900473782e+290,1.0
8,0.15,-1.6234739944049735e+291,1.0
9,0.17,1.6238700481955765e+291,1.0
10,0.19,1.1368014462880442e+292,1.0
11,0.21,-1.1368322504717578e+292,1.0
12,0.23,-7.957897629730968e+292,1.0
13,0.25,7.957921588540523e+292,1.0
14,0.27,5.570550702367262e+293,1.0
15,0.29,-5.570552565830227e+293,1.0
16,0.31,-3.8993872308891843e+294,1.0
17,0.33,3.8993873758251925e+294,1.0
18,0.35000000000000003,2.729571196896036e+295,1.0
19,0.37,-2.7295712081688365e+295,1.0
20,0.39,-1.9106998483485064e+296,1.0
21,0.41000000000000003,1.9106998492252796e+296,1.0
22,0.43,1.3374898946622763e+297,1.0
23,0.45,-1.33748989473047e+297,1.0
24,0.47000000000000003,-9.362429263272407e+297,1.0
25,0.49,9.362429263325447e+297,1.0
26,0.51,6.5537004843401895e+298,1.0
27,0.53,-6.553700484344315e+298,1.0
28,0.55,-4.587590339041982e+299,1.0
29,0.5700000000000001,4.587590339042303e+299,1.0
30,0.59,3.211313237329687e+300,1.0
31,0.61,-3.2113132373297117e+300,1.0
32,0.63,-2.247919266130804e+301,1.0
33,0.65,2.247919266130806e+301,1.0
34,0.67,1.5735434862915647e+302,1.0
35,0.6900000000000001,-1.5735434862915649e+302,1.0
36,0.71,-1.1014804404040954e+303,1.0
37,0.73,1.1014804404040954e+303,1.0
38,0.75,7.710363082828668e+303,1.0
39,0.77,-7.710363082828668e+303,1.0
40,0.79,-5.397254157980068e+304,1.0
41,0.81,5.397254157980068e+304,1.0
42,0.8300000000000001,3.778077910586048e+305,1.0
43,0.85,-3.778077910586048e+305,0.9999999999999999
44,0.87,-2.6446545374102335e+306,0.9999999999999862
45,0.89,2.6446545374102335e+306,0.9999999999980447
46,0.91,1.8512581761871635e+307,0.9999999997257663
47,0.93,-1.8512581761871635e+307,0.9999999620288001
48,0.9500000000000001,-inf,0.9999948277163905
49,0.97,inf,0.999310467197038
50,0.99,inf,0.9107622823924667
