Node,Distance,Numerical solution of phi ,Analytical solution of phi 
1,0.01,1.0,1.0
2,0.03,1.0,1.0
3,0.05,1.0,1.0
4,0.07,1.0,1.0
5,0.09,1.0,1.0
6,0.11,1.0,1.0
7,0.13,1.0,1.0
8,0.15,1.0,1.0
9,0.17,1.0,1.0
10,0.19,0.9999999999999999,1.0
11,0.21,0.9999999999999998,1.0
12,0.23,0.9999999999999993,1.0
13,0.25,0.999999999999999,0.9999999999999999
14,0.27,0.9999999999999977,0.9999999999999999
15,0.29,0.9999999999999964,0.9999999999999997
16,0.31,0.9999999999999929,0.9999999999999989
17,0.33,0.9999999999999892,0.9999999999999971
18,0.35000000000000003,0.9999999999999784,0.9999999999999921
19,0.37,0.9999999999999677,0.9999999999999785
20,0.39,0.9999999999999357,0.9999999999999415
21,0.41000000000000003,0.9999999999999027,0.9999999999998411
22,0.43,0.9999999999998035,0.9999999999995677
23,0.45,0.999999999999683,0.9999999999988245
24,0.47000000000000003,0.9999999999993219,0.9999999999968032
25,0.49,0.9999999999987248,0.9999999999913075
26,0.51,0.9999999999969333,0.9999999999763666
27,0.53,0.9999999999928629,0.9999999999357504
28,0.55,0.9999999999806515,0.9999999998253498
29,0.5700000000000001,0.9999999999474364,0.999999999525296
30,0.59,0.9999999998477911,0.9999999987098761
31,0.61,0.9999999995576306,0.9999999964941507
32,0.63,0.9999999986871494,0.9999999904740661
33,0.65,0.9999999960977615,0.9999999741194591
34,0.67,0.9999999883295976,0.9999999296944586
35,0.6900000000000001,0.9999999650793931,0.9999998090344152
36,0.71,0.9999998953287799,0.9999994813565594
37,0.73,0.9999996862077785,0.9999985915878759
38,0.75,0.9999990588447745,0.9999961758359449
39,0.77,0.9999971770642034,0.9999896178346452
40,0.79,0.99999153172249,0.9999718172892246
41,0.81,0.9999745964066755,0.9999235073570658
42,0.8300000000000001,0.9999237904592324,0.9997924143687108
43,0.85,0.9997713741984959,0.9994367331127918
44,0.87,0.9993141254162865,0.9984718393872984
45,0.89,0.9979423824412507,0.9958546603809587
46,0.91,0.9938271535161428,0.9887569019810261
47,0.93,0.9814814733796237,0.9695108714043179
48,0.9500000000000001,0.9444444329700664,0.9173323729010483
49,0.97,0.8333333226228747,0.7758928976437464
50,0.99,0.49999999158129943,0.3925596548440143
